Accuracy: 0.9927007299270073
Precision: 0.9851301115241635
Recall: 1.0
F1-Score: 0.9925093632958801
