Accuracy: 0.5126146788990825
Precision: 0.7868852459016393
Recall: 0.05423728813559322
F1-Score: 0.1014799154334038
